1.000000000000000000e+20
1.000000000000000000e+20
3.355224998999999661e+04
1.000000000000000000e+20
-4.923296904000000196e-01
3.743713296999999788e+06
3.067501934000000041e+00
1.000000000000000000e+20
7.648801021999999783e+00
1.000000000000000000e+20
1.000000000000000000e+20
1.000000000000000000e+20
-3.174141572999999994e-02
1.000000000000000000e+20
1.000000000000000000e+20
1.000000000000000000e+20
1.000000000000000000e+20
1.000000000000000000e+20
1.000000000000000000e+20
1.000000000000000000e+20
